name: per
channels:
  - conda-forge
  - defaults
dependencies:
  - asttokens=2.0.5=pyhd3eb1b0_0
  - blas=1.0=mkl
  - bzip2=1.0.8=h2bbff1b_6
  - ca-certificates=2024.8.30=h56e8100_0
  - colorama=0.4.6=py312haa95532_0
  - comm=0.2.1=py312haa95532_0
  - debugpy=1.6.7=py312hd77b12b_0
  - decorator=5.1.1=pyhd3eb1b0_0
  - dlib=19.24.2=py312hd8edec2_2
  - executing=0.8.3=pyhd3eb1b0_0
  - intel-openmp=2023.1.0=h59b6b97_46320
  - ipykernel=6.28.0=py312haa95532_0
  - ipython=8.27.0=py312haa95532_0
  - jedi=0.19.1=py312haa95532_0
  - jupyter_client=8.6.0=py312haa95532_0
  - jupyter_core=5.7.2=py312haa95532_0
  - libexpat=2.6.3=he0c23c2_0
  - libffi=3.4.4=hd77b12b_1
  - libjpeg-turbo=3.0.3=h827c3e9_0
  - libpng=1.6.39=h8cc25b3_0
  - libsodium=1.0.18=h62dcd97_0
  - libsqlite=3.46.1=h2466b09_0
  - libzlib=1.2.13=h2466b09_6
  - matplotlib-inline=0.1.6=py312haa95532_0
  - mkl=2023.1.0=h6b88ed4_46358
  - mkl-service=2.4.0=py312h2bbff1b_1
  - mkl_fft=1.3.10=py312h827c3e9_0
  - mkl_random=1.2.7=py312h0158946_0
  - nest-asyncio=1.6.0=py312haa95532_0
  - numpy=1.26.4=py312hfd52020_0
  - numpy-base=1.26.4=py312h4dde369_0
  - openssl=3.3.2=h2466b09_0
  - packaging=24.1=py312haa95532_0
  - parso=0.8.3=pyhd3eb1b0_0
  - pip=24.2=py312haa95532_0
  - platformdirs=3.10.0=py312haa95532_0
  - prompt-toolkit=3.0.43=py312haa95532_0
  - prompt_toolkit=3.0.43=hd3eb1b0_0
  - psutil=5.9.0=py312h2bbff1b_0
  - pure_eval=0.2.2=pyhd3eb1b0_0
  - pygments=2.15.1=py312haa95532_1
  - python=3.12.3=h2628c8c_0_cpython
  - python-dateutil=2.9.0post0=py312haa95532_2
  - python_abi=3.12=5_cp312
  - pywin32=305=py312h2bbff1b_0
  - pyzmq=25.1.2=py312hd77b12b_0
  - setuptools=75.1.0=py312haa95532_0
  - six=1.16.0=pyhd3eb1b0_1
  - stack_data=0.2.0=pyhd3eb1b0_0
  - tbb=2021.8.0=h59b6b97_0
  - tk=8.6.14=h0416ee5_0
  - tornado=6.4.1=py312h827c3e9_0
  - traitlets=5.14.3=py312haa95532_0
  - ucrt=10.0.20348.0=haa95532_0
  - vc=14.40=h2eaa2aa_1
  - vc14_runtime=14.40.33810=ha82c5b3_21
  - vs2015_runtime=14.40.33810=h3bf8584_21
  - wcwidth=0.2.5=pyhd3eb1b0_0
  - wheel=0.44.0=py312haa95532_0
  - xz=5.4.6=h8cc25b3_1
  - zeromq=4.3.5=hd77b12b_0
  - zlib=1.2.13=h2466b09_6
  - pip:
      - absl-py==2.1.0
      - aiohappyeyeballs==2.4.3
      - aiohttp==3.10.8
      - aiosignal==1.3.1
      - attrs==24.2.0
      - certifi==2024.8.30
      - charset-normalizer==3.3.2
      - click==8.1.7
      - contourpy==1.3.0
      - cycler==0.12.1
      - face-recognition==1.3.0
      - face-recognition-models==0.3.0
      - facenet-pytorch==2.6.0
      - filelock==3.16.1
      - fonttools==4.54.1
      - frozenlist==1.4.1
      - fsspec==2024.9.0
      - grpcio==1.66.2
      - idna==3.10
      - imageio==2.35.1
      - imutils==0.5.4
      - jinja2==3.1.4
      - kiwisolver==1.4.7
      - lazy-loader==0.4
      - lightning==2.4.0
      - lightning-utilities==0.11.7
      - markdown==3.7
      - markupsafe==2.1.5
      - matplotlib==3.9.2
      - mpmath==1.3.0
      - multidict==6.1.0
      - networkx==3.3
      - opencv-python==4.10.0.84
      - pandas==2.2.3
      - pillow==10.2.0
      - protobuf==5.28.2
      - pyparsing==3.1.4
      - pytorch-lightning==2.4.0
      - pytz==2024.2
      - pyyaml==6.0.2
      - requests==2.32.3
      - scikit-image==0.24.0
      - sympy==1.13.3
      - tensorboard==2.18.0
      - tensorboard-data-server==0.7.2
      - tensorboardx==2.6.2.2
      - tifffile==2024.9.20
      - torch==2.2.2
      - torchaudio==2.4.1
      - torchmetrics==1.4.2
      - torchvision==0.17.2
      - tqdm==4.66.5
      - typing-extensions==4.12.2
      - tzdata==2024.2
      - urllib3==2.2.3
      - werkzeug==3.0.4
      - yarl==1.13.1
prefix: D:\anaconda\envs\per
